secs		txq	sndbuff
1442180210	0	163840
1442180211	0	163840
1442180211	0	163840
1442180211	0	163840
1442180211	0	163840
1442180211	0	163840
1442180211	0	163840
1442180212	0	163840
1442180212	0	163840
1442180212	0	163840
1442180212	0	163840
1442180213	0	163840
1442180213	0	163840
1442180213	0	163840
1442180213	0	163840
1442180213	0	163840
1442180213	0	163840
1442180214	0	163840
1442180214	0	163840
1442180214	0	163840
1442180214	0	163840
1442180215	0	163840
1442180215	0	163840
1442180215	0	163840
1442180215	0	163840
1442180215	0	163840
1442180215	0	163840
1442180216	0	163840
1442180216	0	163840
1442180216	0	163840
1442180216	0	163840
1442180216	0	163840
1442180217	0	163840
1442180217	0	163840
1442180217	0	163840
1442180217	0	163840
1442180217	0	163840
1442180218	0	163840
1442180218	0	163840
1442180218	0	163840
1442180218	0	163840
1442180218	0	163840
1442180219	0	163840
1442180219	0	163840
1442180219	0	163840
1442180219	0	163840
1442180220	0	163840
1442180220	0	163840
1442180220	0	163840
1442180220	0	163840
1442180220	0	163840
1442180220	0	163840
1442180221	0	163840
1442180221	0	163840
1442180221	0	163840
1442180221	0	163840
1442180222	0	163840
1442180222	0	163840
1442180222	0	163840
1442180222	0	163840
1442180222	0	163840
1442180222	0	163840
1442180223	0	163840
1442180223	0	163840
1442180223	0	163840
1442180223	0	163840
1442180223	0	163840
1442180224	0	163840
1442180224	0	163840
1442180224	0	163840
1442180224	0	163840
1442180224	0	163840
1442180225	0	163840
1442180225	0	163840
1442180225	0	163840
1442180225	0	163840
1442180225	0	163840
1442180226	0	163840
1442180226	0	163840
1442180226	0	163840
1442180226	0	163840
1442180226	0	163840
1442180227	0	163840
1442180227	0	163840
1442180227	0	163840
1442180227	0	163840
1442180227	0	163840
1442180228	0	163840
1442180228	0	163840
1442180228	0	163840
1442180228	0	163840
1442180228	0	163840
1442180229	0	163840
1442180229	0	163840
1442180229	0	163840
1442180229	0	163840
1442180229	0	163840
1442180230	0	163840
1442180230	0	163840
1442180230	0	163840
1442180230	0	163840
1442180230	0	163840
1442180230	0	163840
1442180231	0	163840
1442180231	0	163840
1442180231	0	163840
1442180231	0	163840
1442180232	0	163840
1442180232	0	163840
1442180232	0	163840
1442180232	0	163840
1442180232	0	163840
1442180232	0	163840
1442180233	0	163840
1442180233	0	163840
1442180233	0	163840
1442180233	0	163840
1442180234	0	163840
1442180234	0	163840
1442180234	0	163840
1442180234	0	163840
1442180234	0	163840
1442180234	0	163840
1442180235	0	163840
1442180235	0	163840
1442180235	0	163840
1442180235	0	163840
1442180235	0	163840
1442180236	0	163840
1442180236	0	163840
1442180236	0	163840
1442180236	0	163840
1442180237	0	163840
1442180237	0	163840
1442180237	0	163840
1442180237	0	163840
1442180237	0	163840
1442180237	0	163840
