75.1
61.2
54.2
61.2
78.6
75.1
64.7
61.2
68.2
68.2
78.6
54.2
57.7
82.1
57.7
54.2
89.1
92.6
68.2
71.7
61.2
40.2
57.7
54.2
50.7
92.6
57.7
92.6
43.7
54.2
54.2
33.2
43.7
40.2
78.6
50.7
47.2
68.2
43.7
85.6
54.2
54.2
82.1
68.2
78.6
64.7
78.6
82.1
71.7
64.7
85.6
61.2
57.7
89.1
89.1
82.1
85.6
75.1
26.2
78.6
78.6
89.1
40.2
75.1
78.6
57.7
78.6
99.6
75.1
36.7
75.1
43.7
54.2
68.2
36.7
57.7
78.6
61.2
78.6
78.6
75.1
75.1
33.2
54.2
64.7
47.2
40.2
50.7
68.2
64.7
57.7
61.2
68.2
61.2
82.1
64.7
54.2
50.7
54.2
50.7
40.2
68.2
64.7
71.7
19.2
75.1
78.6
75.1
40.2
57.7
54.2
68.2
92.6
12.2
43.7
78.6
75.1
82.1
64.7
29.7
92.6
50.7
47.2
68.2
78.6
61.2
64.7
110
82.1
40.2
82.1
78.6
50.7
75.1
68.2
78.6
54.2
36.7
47.2
71.7
50.7
47.2
64.7
82.1
36.7
57.7
64.7
64.7
92.6
50.7
54.2
40.2
61.2
61.2
57.7
71.7
50.7
68.2
61.2
15.7
50.7
78.6
78.6
64.7
40.2
68.2
57.7
43.7
75.1
61.2
71.7
85.6
29.7
75.1
68.2
19.2
78.6
61.2
61.2
82.1
75.1
82.1
82.1
85.6
68.2
40.2
68.2
82.1
92.6
36.7
64.7
68.2
43.7
78.6
54.2
43.7
50.7
75.1
68.2
75.1
71.7
47.2
110
68.2
61.2
61.2
68.2
36.7
43.7
85.6
64.7
107
57.7
78.6
64.7
54.2
50.7
57.7
96.1
89.1
50.7
68.2
85.6
75.1
50.7
43.7
50.7
78.6
57.7
64.7
40.2
47.2
50.7
57.7
40.2
71.7
47.2
82.1
61.2
64.7
82.1
78.6
50.7
40.2
54.2
71.7
47.2
110
78.6
68.2
54.2
78.6
89.1
57.7
26.2
82.1
64.7
64.7
75.1
57.7
40.2
57.7
61.2
57.7
71.7
71.7
54.2
68.2
43.7
89.1
47.2
78.6
47.2
43.7
54.2
26.2
68.2
75.1
47.2
64.7
75.1
75.1
82.1
64.7
54.2
61.2
8.74
61.2
85.6
57.7
92.6
68.2
64.7
47.2
47.2
57.7
61.2
61.2
78.6
26.2
64.7
75.1
75.1
57.7
57.7
54.2
43.7
92.6
89.1
64.7
89.1
68.2
50.7
47.2
33.2
64.7
57.7
50.7
54.2
61.2
40.2
57.7
61.2
57.7
61.2
75.1
75.1
57.7
43.7
96.1
85.6
47.2
57.7
29.7
50.7
54.2
50.7
68.2
54.2
64.7
75.1
43.7
36.7
61.2
71.7
47.2
40.2
19.2
68.2
85.6
47.2
61.2
54.2
61.2
61.2
85.6
68.2
57.7
85.6
64.7
78.6
33.2
68.2
68.2
82.1
75.1
75.1
82.1
50.7
75.1
54.2
71.7
64.7
40.2
50.7
64.7
43.7
68.2
26.2
64.7
54.2
36.7
99.6
71.7
57.7
68.2
36.7
107
71.7
85.6
19.2
75.1
40.2
64.7
71.7
68.2
75.1
78.6
61.2
29.7
107
85.6
54.2
64.7
78.6
99.6
40.2
54.2
54.2
61.2
29.7
89.1
43.7
57.7
40.2
61.2
75.1
43.7
82.1
50.7
82.1
89.1
71.7
89.1
114
61.2
78.6
61.2
64.7
85.6
57.7
89.1
54.2
50.7
36.7
110
40.2
71.7
64.7
96.1
57.7
64.7
92.6
61.2
92.6
57.7
82.1
36.7
89.1
50.7
64.7
64.7
96.1
68.2
82.1
85.6
78.6
89.1
75.1
85.6
47.2
71.7
82.1
71.7
89.1
50.7
82.1
8.74
103
117
50.7
78.6
107
82.1
75.1
96.1
82.1
54.2
96.1
121
121
78.6
114
40.2
170
135
124
131
204
194
197
177
218
107
264
264
2728
3109
3340
