26.2
22.7
19.2
22.7
22.7
19.2
29.7
19.2
29.7
22.7
8.74
29.7
33.2
15.7
26.2
19.2
22.7
19.2
26.2
22.7
26.2
19.2
22.7
19.2
26.2
26.2
26.2
29.7
29.7
15.7
33.2
26.2
40.2
12.2
19.2
15.7
33.2
26.2
29.7
12.2
29.7
22.7
19.2
22.7
15.7
15.7
19.2
22.7
15.7
26.2
19.2
22.7
19.2
22.7
26.2
22.7
33.2
36.7
29.7
29.7
15.7
26.2
29.7
36.7
22.7
22.7
19.2
26.2
19.2
15.7
29.7
12.2
22.7
26.2
29.7
19.2
29.7
15.7
15.7
19.2
15.7
19.2
19.2
26.2
19.2
8.74
22.7
26.2
15.7
26.2
29.7
29.7
26.2
22.7
22.7
19.2
29.7
22.7
22.7
22.7
29.7
26.2
15.7
26.2
22.7
26.2
33.2
26.2
26.2
26.2
22.7
12.2
29.7
36.7
19.2
22.7
26.2
29.7
19.2
40.2
19.2
8.74
15.7
26.2
19.2
22.7
26.2
15.7
26.2
33.2
22.7
22.7
36.7
33.2
19.2
29.7
26.2
26.2
29.7
26.2
15.7
15.7
29.7
22.7
26.2
33.2
19.2
19.2
19.2
19.2
26.2
36.7
22.7
22.7
22.7
26.2
33.2
33.2
33.2
26.2
15.7
19.2
26.2
26.2
40.2
33.2
22.7
15.7
26.2
26.2
36.7
22.7
26.2
33.2
19.2
26.2
15.7
15.7
22.7
19.2
22.7
22.7
33.2
26.2
29.7
29.7
29.7
22.7
22.7
26.2
33.2
15.7
26.2
26.2
19.2
22.7
15.7
19.2
15.7
19.2
36.7
22.7
19.2
19.2
15.7
26.2
29.7
26.2
33.2
26.2
22.7
22.7
22.7
36.7
15.7
15.7
26.2
22.7
26.2
15.7
29.7
26.2
29.7
22.7
12.2
26.2
33.2
26.2
26.2
15.7
26.2
26.2
29.7
19.2
33.2
36.7
22.7
19.2
33.2
36.7
33.2
19.2
26.2
22.7
29.7
15.7
12.2
15.7
22.7
29.7
22.7
15.7
26.2
22.7
29.7
22.7
29.7
22.7
29.7
26.2
26.2
26.2
22.7
26.2
29.7
22.7
26.2
22.7
19.2
26.2
19.2
26.2
33.2
15.7
29.7
15.7
26.2
29.7
26.2
26.2
22.7
22.7
33.2
12.2
22.7
12.2
26.2
40.2
15.7
33.2
19.2
22.7
29.7
26.2
29.7
22.7
26.2
19.2
26.2
26.2
22.7
29.7
22.7
29.7
26.2
12.2
22.7
29.7
19.2
33.2
33.2
36.7
22.7
29.7
19.2
29.7
19.2
12.2
15.7
22.7
19.2
26.2
29.7
26.2
22.7
19.2
29.7
26.2
26.2
26.2
33.2
33.2
26.2
26.2
22.7
22.7
26.2
26.2
15.7
26.2
22.7
22.7
19.2
19.2
26.2
26.2
29.7
26.2
26.2
19.2
19.2
33.2
19.2
22.7
29.7
19.2
29.7
19.2
29.7
19.2
22.7
29.7
19.2
26.2
15.7
22.7
22.7
29.7
22.7
22.7
15.7
33.2
12.2
26.2
22.7
29.7
33.2
19.2
29.7
33.2
29.7
22.7
22.7
26.2
29.7
19.2
12.2
29.7
22.7
26.2
19.2
12.2
22.7
29.7
19.2
22.7
22.7
26.2
22.7
26.2
26.2
26.2
26.2
19.2
19.2
19.2
22.7
29.7
12.2
22.7
15.7
40.2
19.2
33.2
22.7
26.2
29.7
22.7
22.7
19.2
22.7
22.7
29.7
29.7
22.7
22.7
29.7
33.2
22.7
26.2
29.7
33.2
22.7
29.7
26.2
33.2
22.7
15.7
40.2
26.2
29.7
15.7
26.2
15.7
33.2
19.2
19.2
12.2
15.7
22.7
33.2
22.7
15.7
33.2
22.7
19.2
26.2
19.2
29.7
29.7
40.2
29.7
19.2
12.2
26.2
26.2
15.7
29.7
29.7
22.7
19.2
15.7
26.2
22.7
19.2
22.7
40.2
22.7
26.2
29.7
26.2
33.2
19.2
22.7
29.7
26.2
26.2
22.7
19.2
15.7
19.2
26.2
22.7
26.2
26.2
22.7
26.2
33.2
19.2
22.7
22.7
26.2
26.2
26.2
19.2
26.2
26.2
33.2
26.2
26.2
19.2
15.7
29.7
19.2
36.7
22.7
29.7
29.7
19.2
22.7
29.7
26.2
22.7
22.7
19.2
33.2
26.2
29.7
22.7
19.2
29.7
29.7
22.7
33.2
33.2
29.7
26.2
12.2
15.7
19.2
26.2
22.7
22.7
19.2
22.7
22.7
22.7
19.2
22.7
26.2
36.7
19.2
22.7
29.7
22.7
19.2
29.7
26.2
12.2
29.7
22.7
22.7
12.2
19.2
22.7
29.7
36.7
29.7
15.7
22.7
29.7
12.2
29.7
29.7
22.7
22.7
19.2
15.7
33.2
29.7
26.2
26.2
33.2
19.2
22.7
22.7
26.2
19.2
22.7
19.2
29.7
26.2
29.7
22.7
29.7
19.2
36.7
36.7
26.2
15.7
26.2
22.7
26.2
33.2
33.2
33.2
26.2
12.2
33.2
33.2
29.7
26.2
26.2
19.2
15.7
33.2
19.2
22.7
29.7
26.2
33.2
19.2
12.2
12.2
26.2
26.2
19.2
19.2
29.7
22.7
26.2
26.2
15.7
22.7
33.2
22.7
29.7
29.7
19.2
12.2
26.2
15.7
19.2
22.7
26.2
29.7
26.2
26.2
33.2
29.7
29.7
29.7
22.7
22.7
26.2
19.2
26.2
33.2
26.2
22.7
22.7
26.2
26.2
29.7
26.2
19.2
19.2
26.2
29.7
26.2
22.7
36.7
19.2
19.2
29.7
26.2
22.7
33.2
19.2
22.7
22.7
22.7
29.7
22.7
40.2
15.7
26.2
29.7
26.2
15.7
19.2
26.2
19.2
29.7
33.2
22.7
29.7
19.2
22.7
33.2
22.7
22.7
12.2
22.7
26.2
22.7
26.2
26.2
33.2
29.7
22.7
15.7
22.7
26.2
29.7
29.7
22.7
19.2
26.2
22.7
26.2
29.7
26.2
22.7
26.2
19.2
19.2
22.7
29.7
36.7
22.7
15.7
22.7
22.7
19.2
22.7
26.2
40.2
33.2
22.7
29.7
29.7
22.7
19.2
19.2
15.7
29.7
19.2
12.2
22.7
19.2
26.2
22.7
15.7
15.7
29.7
19.2
26.2
22.7
26.2
26.2
29.7
22.7
26.2
36.7
19.2
22.7
26.2
22.7
29.7
22.7
19.2
22.7
26.2
12.2
33.2
15.7
26.2
29.7
26.2
22.7
29.7
22.7
26.2
26.2
22.7
22.7
15.7
12.2
22.7
26.2
33.2
26.2
26.2
22.7
19.2
22.7
29.7
29.7
26.2
22.7
22.7
15.7
29.7
29.7
29.7
22.7
22.7
19.2
19.2
22.7
26.2
33.2
22.7
33.2
33.2
15.7
29.7
36.7
29.7
29.7
12.2
22.7
19.2
26.2
22.7
26.2
22.7
29.7
22.7
29.7
26.2
26.2
15.7
22.7
22.7
22.7
22.7
26.2
15.7
29.7
19.2
19.2
22.7
29.7
15.7
36.7
29.7
40.2
5.24
29.7
26.2
29.7
36.7
29.7
26.2
26.2
22.7
26.2
19.2
12.2
22.7
40.2
36.7
33.2
33.2
33.2
26.2
36.7
22.7
15.7
26.2
36.7
50.7
22.7
15.7
36.7
22.7
26.2
19.2
43.7
36.7
22.7
19.2
29.7
36.7
22.7
43.7
19.2
22.7
22.7
29.7
26.2
33.2
29.7
43.7
40.2
33.2
40.2
29.7
29.7
26.2
26.2
22.7
19.2
36.7
40.2
26.2
19.2
22.7
19.2
26.2
33.2
26.2
40.2
19.2
26.2
29.7
33.2
26.2
22.7
33.2
29.7
36.7
19.2
19.2
19.2
36.7
33.2
36.7
47.2
40.2
47.2
19.2
29.7
29.7
36.7
33.2
36.7
61.2
33.2
22.7
33.2
15.7
36.7
22.7
26.2
47.2
33.2
33.2
22.7
54.2
40.2
33.2
19.2
29.7
33.2
22.7
33.2
64.7
57.7
61.2
43.7
40.2
54.2
19.2
43.7
54.2
85.6
71.7
54.2
26.2
61.2
36.7
43.7
29.7
78.6
71.7
92.6
85.6
