85.6
89.1
57.7
64.7
92.6
85.6
82.1
85.6
68.2
61.2
75.1
71.7
85.6
75.1
54.2
71.7
89.1
114
71.7
75.1
64.7
47.2
47.2
75.1
75.1
47.2
64.7
78.6
64.7
82.1
71.7
68.2
43.7
57.7
107
64.7
68.2
29.7
64.7
68.2
75.1
64.7
61.2
82.1
33.2
50.7
71.7
57.7
54.2
78.6
85.6
64.7
54.2
29.7
103
54.2
78.6
64.7
68.2
57.7
71.7
110
71.7
47.2
71.7
75.1
64.7
89.1
68.2
61.2
54.2
64.7
43.7
64.7
50.7
54.2
75.1
71.7
85.6
54.2
89.1
61.2
61.2
82.1
85.6
78.6
33.2
54.2
47.2
85.6
75.1
78.6
57.7
85.6
82.1
50.7
92.6
68.2
75.1
75.1
64.7
57.7
40.2
68.2
40.2
82.1
82.1
71.7
96.1
68.2
61.2
61.2
78.6
71.7
82.1
57.7
82.1
61.2
103
89.1
71.7
61.2
75.1
89.1
61.2
61.2
78.6
57.7
61.2
57.7
71.7
33.2
26.2
57.7
26.2
40.2
61.2
57.7
61.2
96.1
71.7
110
75.1
78.6
61.2
54.2
61.2
26.2
57.7
78.6
78.6
36.7
64.7
78.6
75.1
82.1
61.2
85.6
64.7
68.2
40.2
99.6
57.7
71.7
78.6
54.2
117
75.1
75.1
71.7
64.7
33.2
54.2
96.1
85.6
99.6
57.7
75.1
64.7
82.1
57.7
64.7
110
54.2
61.2
89.1
61.2
75.1
54.2
57.7
57.7
68.2
85.6
64.7
54.2
92.6
71.7
68.2
54.2
71.7
57.7
89.1
61.2
71.7
78.6
57.7
78.6
82.1
43.7
82.1
75.1
57.7
43.7
89.1
47.2
71.7
57.7
36.7
43.7
71.7
71.7
68.2
82.1
114
96.1
61.2
50.7
78.6
92.6
47.2
64.7
54.2
64.7
64.7
75.1
47.2
78.6
82.1
78.6
96.1
36.7
68.2
82.1
61.2
50.7
57.7
75.1
64.7
78.6
61.2
64.7
68.2
64.7
47.2
82.1
68.2
99.6
57.7
36.7
71.7
50.7
99.6
61.2
40.2
92.6
36.7
110
85.6
64.7
99.6
71.7
64.7
47.2
82.1
92.6
57.7
96.1
54.2
61.2
57.7
85.6
78.6
64.7
85.6
57.7
82.1
71.7
47.2
36.7
107
96.1
54.2
71.7
47.2
92.6
43.7
29.7
61.2
75.1
75.1
54.2
96.1
54.2
36.7
82.1
75.1
64.7
75.1
57.7
75.1
92.6
82.1
64.7
85.6
47.2
92.6
68.2
43.7
85.6
89.1
71.7
71.7
50.7
71.7
40.2
71.7
64.7
78.6
92.6
54.2
103
47.2
68.2
75.1
64.7
78.6
57.7
78.6
89.1
40.2
75.1
57.7
82.1
61.2
43.7
36.7
50.7
57.7
68.2
29.7
85.6
110
61.2
29.7
68.2
68.2
57.7
68.2
89.1
92.6
75.1
96.1
82.1
68.2
64.7
82.1
50.7
36.7
50.7
57.7
61.2
43.7
71.7
82.1
61.2
82.1
82.1
43.7
78.6
71.7
71.7
92.6
96.1
61.2
82.1
57.7
64.7
47.2
57.7
64.7
82.1
54.2
110
71.7
75.1
82.1
40.2
96.1
78.6
64.7
110
57.7
89.1
82.1
64.7
57.7
50.7
110
89.1
75.1
64.7
33.2
71.7
64.7
61.2
68.2
78.6
47.2
68.2
85.6
68.2
61.2
103
75.1
82.1
29.7
75.1
75.1
89.1
71.7
29.7
64.7
26.2
68.2
54.2
68.2
43.7
61.2
114
103
82.1
64.7
92.6
75.1
75.1
92.6
99.6
64.7
61.2
64.7
71.7
68.2
82.1
61.2
75.1
82.1
82.1
64.7
68.2
96.1
71.7
82.1
82.1
75.1
68.2
82.1
89.1
68.2
103
78.6
43.7
82.1
85.6
19.2
22.7
75.1
36.7
82.1
26.2
78.6
92.6
61.2
89.1
50.7
64.7
114
61.2
131
107
75.1
