26.2
33.2
19.2
29.7
36.7
26.2
36.7
26.2
29.7
26.2
29.7
29.7
33.2
22.7
33.2
29.7
47.2
22.7
29.7
33.2
40.2
33.2
33.2
5.24
36.7
29.7
26.2
26.2
33.2
29.7
19.2
29.7
33.2
33.2
19.2
19.2
33.2
47.2
40.2
33.2
26.2
47.2
26.2
29.7
29.7
40.2
33.2
26.2
40.2
22.7
33.2
33.2
26.2
26.2
40.2
36.7
40.2
33.2
26.2
22.7
29.7
33.2
26.2
36.7
22.7
33.2
29.7
33.2
29.7
22.7
29.7
40.2
33.2
36.7
19.2
36.7
15.7
26.2
36.7
33.2
22.7
29.7
5.24
40.2
40.2
26.2
29.7
15.7
36.7
29.7
29.7
15.7
33.2
40.2
33.2
22.7
36.7
36.7
33.2
19.2
29.7
26.2
40.2
33.2
33.2
40.2
33.2
19.2
33.2
33.2
36.7
26.2
26.2
33.2
26.2
36.7
29.7
33.2
22.7
40.2
29.7
19.2
33.2
22.7
36.7
29.7
26.2
29.7
26.2
26.2
33.2
29.7
15.7
22.7
19.2
33.2
29.7
36.7
33.2
29.7
33.2
36.7
36.7
33.2
22.7
29.7
33.2
43.7
33.2
33.2
26.2
36.7
40.2
33.2
15.7
26.2
33.2
33.2
33.2
36.7
26.2
26.2
36.7
33.2
33.2
22.7
33.2
29.7
40.2
26.2
36.7
36.7
26.2
43.7
33.2
29.7
33.2
33.2
36.7
19.2
33.2
26.2
33.2
36.7
22.7
19.2
22.7
36.7
26.2
36.7
40.2
22.7
33.2
22.7
33.2
36.7
40.2
33.2
36.7
33.2
26.2
33.2
33.2
33.2
40.2
33.2
33.2
26.2
29.7
22.7
29.7
36.7
33.2
29.7
36.7
33.2
40.2
29.7
36.7
29.7
40.2
40.2
29.7
26.2
36.7
33.2
22.7
19.2
33.2
19.2
29.7
36.7
33.2
29.7
33.2
29.7
29.7
33.2
29.7
36.7
22.7
22.7
29.7
33.2
36.7
26.2
29.7
33.2
26.2
19.2
33.2
40.2
26.2
33.2
33.2
29.7
33.2
22.7
22.7
36.7
26.2
33.2
36.7
36.7
29.7
19.2
33.2
26.2
33.2
36.7
29.7
36.7
29.7
22.7
29.7
22.7
22.7
43.7
29.7
26.2
36.7
29.7
26.2
29.7
33.2
47.2
26.2
29.7
33.2
40.2
33.2
29.7
33.2
33.2
22.7
33.2
29.7
29.7
22.7
43.7
36.7
22.7
29.7
29.7
29.7
22.7
29.7
40.2
26.2
33.2
19.2
33.2
33.2
22.7
29.7
33.2
26.2
33.2
19.2
33.2
40.2
22.7
36.7
33.2
29.7
29.7
19.2
36.7
40.2
22.7
36.7
29.7
33.2
36.7
33.2
26.2
33.2
33.2
26.2
29.7
36.7
33.2
47.2
29.7
29.7
36.7
43.7
36.7
26.2
29.7
22.7
33.2
26.2
36.7
26.2
33.2
26.2
29.7
36.7
36.7
22.7
33.2
33.2
19.2
36.7
43.7
26.2
29.7
40.2
29.7
33.2
26.2
33.2
26.2
19.2
40.2
26.2
29.7
26.2
22.7
40.2
33.2
36.7
26.2
36.7
33.2
26.2
26.2
26.2
33.2
43.7
26.2
29.7
33.2
33.2
29.7
29.7
43.7
33.2
33.2
33.2
26.2
26.2
33.2
33.2
19.2
36.7
36.7
19.2
36.7
26.2
29.7
33.2
33.2
33.2
33.2
33.2
33.2
29.7
26.2
19.2
36.7
22.7
29.7
29.7
26.2
43.7
22.7
33.2
26.2
29.7
33.2
36.7
22.7
19.2
33.2
33.2
36.7
22.7
33.2
26.2
36.7
36.7
29.7
36.7
40.2
19.2
29.7
29.7
36.7
40.2
36.7
33.2
29.7
36.7
22.7
33.2
33.2
40.2
26.2
40.2
26.2
26.2
29.7
19.2
26.2
22.7
33.2
33.2
33.2
29.7
26.2
36.7
36.7
36.7
29.7
36.7
29.7
29.7
29.7
29.7
29.7
22.7
29.7
36.7
29.7
33.2
22.7
33.2
36.7
26.2
12.2
29.7
29.7
33.2
36.7
36.7
22.7
33.2
22.7
40.2
33.2
29.7
40.2
36.7
15.7
36.7
33.2
36.7
29.7
40.2
29.7
33.2
36.7
33.2
33.2
29.7
22.7
36.7
40.2
33.2
40.2
29.7
36.7
29.7
29.7
22.7
26.2
26.2
29.7
22.7
26.2
26.2
26.2
33.2
36.7
36.7
26.2
29.7
36.7
40.2
29.7
29.7
26.2
33.2
26.2
22.7
40.2
29.7
29.7
22.7
33.2
26.2
40.2
36.7
19.2
22.7
29.7
40.2
43.7
26.2
40.2
19.2
33.2
26.2
15.7
43.7
26.2
40.2
29.7
33.2
22.7
33.2
36.7
36.7
40.2
26.2
43.7
36.7
43.7
29.7
43.7
22.7
33.2
22.7
33.2
33.2
33.2
43.7
12.2
26.2
26.2
29.7
40.2
43.7
36.7
33.2
33.2
29.7
26.2
19.2
33.2
29.7
26.2
36.7
19.2
22.7
33.2
29.7
26.2
40.2
33.2
26.2
29.7
29.7
29.7
29.7
29.7
29.7
43.7
33.2
29.7
36.7
29.7
36.7
33.2
29.7
33.2
22.7
36.7
36.7
33.2
26.2
33.2
33.2
29.7
12.2
43.7
40.2
33.2
22.7
40.2
22.7
33.2
36.7
36.7
33.2
36.7
19.2
33.2
29.7
26.2
29.7
36.7
29.7
22.7
36.7
36.7
36.7
33.2
36.7
36.7
22.7
22.7
36.7
29.7
36.7
29.7
40.2
29.7
33.2
40.2
26.2
40.2
29.7
19.2
26.2
36.7
26.2
36.7
36.7
22.7
26.2
26.2
33.2
29.7
29.7
33.2
36.7
26.2
36.7
29.7
29.7
33.2
43.7
12.2
36.7
29.7
43.7
26.2
29.7
40.2
36.7
22.7
40.2
29.7
33.2
22.7
29.7
36.7
29.7
33.2
40.2
33.2
19.2
36.7
40.2
33.2
33.2
19.2
33.2
12.2
26.2
36.7
29.7
40.2
43.7
40.2
29.7
26.2
33.2
19.2
22.7
33.2
33.2
36.7
29.7
33.2
15.7
29.7
33.2
33.2
26.2
33.2
29.7
12.2
33.2
29.7
26.2
19.2
33.2
36.7
29.7
29.7
29.7
29.7
26.2
26.2
36.7
33.2
26.2
19.2
33.2
33.2
33.2
26.2
29.7
40.2
15.7
26.2
33.2
36.7
33.2
26.2
36.7
26.2
15.7
29.7
36.7
36.7
36.7
33.2
36.7
33.2
40.2
29.7
26.2
29.7
22.7
36.7
19.2
40.2
26.2
40.2
29.7
29.7
40.2
40.2
26.2
29.7
22.7
33.2
40.2
36.7
43.7
26.2
36.7
33.2
43.7
43.7
33.2
36.7
40.2
36.7
33.2
36.7
40.2
36.7
22.7
29.7
40.2
50.7
26.2
33.2
47.2
19.2
33.2
29.7
33.2
29.7
29.7
22.7
33.2
36.7
36.7
40.2
33.2
26.2
29.7
26.2
33.2
19.2
19.2
29.7
33.2
47.2
26.2
33.2
33.2
33.2
29.7
26.2
22.7
26.2
29.7
29.7
33.2
22.7
29.7
33.2
40.2
26.2
22.7
22.7
29.7
40.2
40.2
33.2
29.7
33.2
36.7
50.7
29.7
29.7
36.7
22.7
36.7
29.7
36.7
43.7
22.7
36.7
29.7
47.2
29.7
40.2
15.7
29.7
40.2
33.2
54.2
36.7
33.2
36.7
40.2
40.2
15.7
26.2
33.2
40.2
26.2
33.2
40.2
40.2
43.7
29.7
26.2
40.2
40.2
29.7
50.7
33.2
43.7
29.7
33.2
26.2
29.7
29.7
36.7
36.7
50.7
33.2
40.2
40.2
29.7
26.2
22.7
47.2
47.2
33.2
29.7
33.2
57.7
61.2
47.2
40.2
22.7
29.7
50.7
47.2
33.2
47.2
26.2
64.7
26.2
40.2
54.2
29.7
50.7
33.2
40.2
33.2
47.2
61.2
33.2
40.2
33.2
57.7
64.7
36.7
43.7
47.2
54.2
43.7
29.7
71.7
85.6
43.7
64.7
99.6
121
96.1
85.6
117
96.1
54.2
68.2
78.6
96.1
61.2
57.7
82.1
64.7
124
89.1
85.6
85.6
145
131
156
138
135
163
173
40.2
509
320
641
613
1082
