17.0569429397583	73
18.059380531311035	73
19.062604665756226	73
20.0658061504364	72
21.06925940513611	69
22.072476625442505	69
23.07604455947876	69
24.07930850982666	69
25.083014965057373	69
26.086118459701538	69
27.089284896850586	69
28.09273409843445	68
29.096208095550537	69
30.100072383880615	69
31.103323698043823	69
32.10634732246399	69
33.109606981277466	69
34.11287546157837	70
35.11620831489563	70
36.120136976242065	70
37.12305164337158	67
38.126511573791504	66
39.12955141067505	66
40.13344979286194	66
41.136011362075806	66
42.13927984237671	66
43.14314389228821	66
44.14613175392151	65
45.149386167526245	66
46.152639865875244	66
47.155823945999146	66
48.15947484970093	66
49.16239285469055	66
50.166175842285156	66
51.16948080062866	66
52.172717332839966	65
53.176167249679565	63
54.17946910858154	63
55.182433128356934	63
56.18616986274719	63
57.18937349319458	63
58.19276165962219	63
59.19615888595581	63
60.1994526386261	63
61.20279669761658	64
62.20612287521362	64
63.209465980529785	64
64.21267175674438	64
65.2159194946289	64
66.21938347816467	64
67.22234272956848	64
68.2258734703064	64
69.22947311401367	63
70.23277401924133	63
71.23608875274658	62
72.2389190196991	57
73.24275016784668	57
74.24561285972595	57
75.24906587600708	57
76.25276184082031	56
77.25611615180969	54
78.25944519042969	54
79.26249432563782	54
80.26593685150146	54
81.26948666572571	54
82.27289295196533	54
83.27618193626404	54
84.27893590927124	54
85.2828369140625	54
86.28562641143799	54
87.28926920890808	54
88.29243636131287	54
89.2958517074585	54
90.29892921447754	54
91.30240654945374	54
92.30560994148254	54
93.30953216552734	54
94.31289458274841	54
95.3161370754242	54
96.31946182250977	54
97.3228006362915	54
98.32617115974426	54
99.32936334609985	54
100.3328697681427	54
101.3362500667572	54
102.33973288536072	54
103.3461184501648	54
104.34616565704346	54
105.3494770526886	54
106.35624766349792	54
107.35647082328796	54
108.35955858230591	54
109.3628716468811	54
110.3660180568695	54
111.3693733215332	54
112.3725118637085	54
113.37622261047363	54
114.37960481643677	54
115.38293051719666	54
116.38921689987183	54
117.38976120948792	54
118.39329218864441	54
119.39667654037476	54
120.39979958534241	54
121.4031662940979	54
122.40670919418335	54
123.41014695167542	54
124.41342639923096	54
125.41660737991333	54
126.41932463645935	54
127.42271423339844	54
128.42615032196045	54
129.42982006072998	54
130.43307161331177	54
131.43668150901794	54
132.44009137153625	54
133.44282507896423	54
134.44612097740173	54
135.44936180114746	46
136.45331954956055	39
137.45606756210327	35
138.4593861103058	51
139.46320366859436	49
140.46653985977173	49
141.46927165985107	47
142.47332525253296	69
143.47653150558472	60
144.48001861572266	52
145.48312187194824	43
146.48578071594238	49
147.48994541168213	59
148.4925971031189	64
149.49663019180298	47
150.49946570396423	52
151.50330090522766	57
152.50601172447205	61
153.50949335098267	64
154.5128378868103	70
155.51669764518738	56
156.52007222175598	60
157.52267622947693	36
158.5266637802124	55
159.52928185462952	61
160.53342390060425	67
161.5367305278778	28
162.53934264183044	59
163.54354906082153	58
164.54651308059692	58
165.5497922897339	58
166.55264568328857	54
167.55584359169006	54
168.5594232082367	53
169.56277227401733	54
170.56620526313782	52
171.5699737071991	49
172.57313179969788	49
173.5759527683258	49
174.5798041820526	48
175.58311367034912	48
176.58681631088257	48
177.5900342464447	49
178.59291577339172	73
179.59690809249878	73
180.60009860992432	73
181.6032509803772	71
182.60570812225342	71
183.60963678359985	71
184.613543510437	71
185.61610221862793	62
186.6193244457245	62
187.62327599525452	61
188.6261785030365	61
189.63009905815125	61
190.63277125358582	61
191.6359977722168	61
192.6394693851471	61
193.6428120136261	61
194.64660692214966	61
195.6499514579773	47
196.6533420085907	35
197.6566812992096	22
198.65951585769653	59
199.66244411468506	43
200.66598463058472	49
201.66996502876282	43
202.67292976379395	47
203.67666029930115	42
204.67995190620422	43
205.68319368362427	43
206.6866683959961	18
207.68966794013977	50
208.69295477867126	54
209.69615030288696	60
210.6997582912445	64
211.70271921157837	31
212.70660018920898	37
213.7092661857605	47
214.71322298049927	53
215.7165071964264	59
216.71938490867615	67
217.72321438789368	49
218.72618126869202	56
219.72986721992493	60
220.7331292629242	64
221.7358205318451	68
222.74012994766235	34
222.740389585495	44
223.74272561073303	51
225.7500982284546	57
225.75043201446533	63
227.75666284561157	69
228.75920605659485	50
229.76314520835876	54
229.763423204422	59
230.7664008140564	63
231.7697138786316	68
232.7725043296814	72
233.77622437477112	41
234.78006076812744	47
235.7834095954895	54
236.78675723075867	58
237.789856672287	67
238.7928318977356	49
239.79664587974548	53
240.79940342903137	58
241.80302119255066	62
242.80623197555542	66
243.80956935882568	30
244.81339693069458	36
245.816579580307	43
246.8200192451477	53
247.8233940601349	49
248.82620859146118	63
249.82930898666382	38
250.8331971168518	57
251.83622670173645	63
252.83931589126587	48
253.84259796142578	56
254.84647798538208	61
255.84980154037476	64
256.85294580459595	35
257.85645604133606	49
258.8595485687256	42
259.86274552345276	29
260.86599230766296	18
261.86974334716797	54
262.87290954589844	40
263.87619853019714	36
264.8800251483917	36
265.88275957107544	34
266.88668036460876	35
267.8899872303009	35
268.8929007053375	35
269.89622163772583	35
270.90022897720337	35
271.9025993347168	49
272.9058873653412	15
273.9093015193939	58
274.9127552509308	56
275.91659474372864	57
276.9194424152374	56
277.9227855205536	53
278.92612290382385	53
279.92981910705566	53
280.93307161331177	53
281.9363965988159	53
282.93921661376953	52
283.9425525665283	52
284.94681549072266	52
285.94950580596924	52
286.9534180164337	52
287.95659470558167	52
288.9594349861145	52
289.9627306461334	52
290.96590757369995	51
291.9694118499756	52
292.9726233482361	51
293.97628688812256	64
294.9792218208313	52
295.98352789878845	38
296.98587584495544	68
297.9899277687073	56
298.9925274848938	49
299.99648666381836	39
301.0002007484436	49
302.00257182121277	47
303.0060443878174	26
304.0094976425171	17
305.0124976634979	46
306.0156624317169	25
307.0200126171112	36
308.02293968200684	57
309.02604699134827	63
310.0294518470764	46
311.0332248210907	51
312.03618907928467	55
313.04012417793274	59
314.0429062843323	63
315.04656648635864	68
