47.2
61.2
68.2
89.1
26.2
85.6
75.1
71.7
64.7
47.2
78.6
43.7
26.2
99.6
26.2
82.1
92.6
64.7
29.7
36.7
61.2
78.6
57.7
50.7
78.6
29.7
82.1
75.1
40.2
68.2
43.7
107
33.2
78.6
107
26.2
128
33.2
114
99.6
71.7
96.1
8.74
78.6
71.7
43.7
96.1
114
22.7
82.1
33.2
82.1
68.2
12.2
15.7
57.7
36.7
92.6
33.2
107
50.7
36.7
29.7
114
68.2
43.7
121
54.2
99.6
50.7
96.1
107
33.2
33.2
92.6
54.2
29.7
68.2
64.7
96.1
89.1
96.1
96.1
82.1
75.1
54.2
61.2
57.7
92.6
99.6
114
50.7
99.6
71.7
96.1
99.6
50.7
36.7
64.7
40.2
43.7
64.7
40.2
22.7
54.2
89.1
29.7
15.7
68.2
29.7
12.2
71.7
47.2
68.2
54.2
43.7
22.7
114
103
107
47.2
61.2
54.2
89.1
36.7
47.2
50.7
78.6
40.2
50.7
89.1
33.2
33.2
96.1
75.1
54.2
71.7
92.6
61.2
36.7
47.2
71.7
99.6
43.7
71.7
82.1
85.6
114
64.7
40.2
110
50.7
82.1
19.2
103
19.2
26.2
75.1
19.2
50.7
71.7
47.2
61.2
85.6
68.2
78.6
47.2
61.2
75.1
71.7
57.7
33.2
54.2
68.2
75.1
71.7
121
26.2
40.2
89.1
61.2
50.7
47.2
99.6
33.2
78.6
64.7
78.6
71.7
85.6
78.6
85.6
89.1
75.1
103
99.6
117
40.2
64.7
103
26.2
78.6
92.6
85.6
68.2
19.2
15.7
110
78.6
78.6
43.7
64.7
22.7
89.1
99.6
40.2
78.6
50.7
29.7
64.7
22.7
68.2
19.2
47.2
47.2
54.2
85.6
103
85.6
128
99.6
92.6
117
50.7
22.7
36.7
57.7
82.1
89.1
85.6
40.2
71.7
92.6
54.2
40.2
89.1
64.7
36.7
61.2
96.1
64.7
47.2
54.2
36.7
114
75.1
29.7
50.7
89.1
22.7
89.1
19.2
75.1
61.2
68.2
114
57.7
61.2
15.7
78.6
85.6
85.6
64.7
43.7
54.2
64.7
15.7
89.1
57.7
82.1
54.2
82.1
40.2
15.7
54.2
15.7
85.6
68.2
124
12.2
89.1
85.6
54.2
43.7
99.6
78.6
89.1
50.7
33.2
26.2
15.7
99.6
75.1
47.2
92.6
54.2
61.2
61.2
96.1
19.2
40.2
85.6
57.7
22.7
33.2
15.7
50.7
47.2
61.2
61.2
54.2
57.7
47.2
12.2
61.2
47.2
47.2
40.2
26.2
68.2
50.7
54.2
40.2
71.7
54.2
107
57.7
110
8.74
64.7
92.6
103
92.6
110
61.2
71.7
103
114
40.2
36.7
50.7
71.7
82.1
82.1
29.7
99.6
54.2
57.7
47.2
40.2
8.74
64.7
64.7
40.2
110
57.7
89.1
54.2
82.1
43.7
57.7
33.2
99.6
107
29.7
110
92.6
12.2
85.6
40.2
12.2
19.2
50.7
61.2
64.7
71.7
110
43.7
114
33.2
36.7
99.6
71.7
26.2
33.2
22.7
99.6
114
71.7
36.7
64.7
40.2
22.7
99.6
57.7
22.7
107
19.2
22.7
71.7
78.6
124
8.74
89.1
92.6
103
71.7
103
103
92.6
110
78.6
107
78.6
96.1
50.7
64.7
107
114
96.1
68.2
15.7
92.6
54.2
124
103
33.2
43.7
114
50.7
89.1
19.2
64.7
78.6
57.7
54.2
99.6
26.2
64.7
121
68.2
99.6
124
64.7
117
33.2
96.1
68.2
114
68.2
145
36.7
96.1
43.7
117
68.2
110
78.6
131
8.74
110
190
149
22.7
50.7
124
121
260
229
61.2
145
400
96.1
687
876
114
722
1211
1798
2232
