33.2
26.2
22.7
15.7
36.7
47.2
22.7
33.2
26.2
50.7
43.7
26.2
29.7
47.2
19.2
12.2
29.7
29.7
15.7
26.2
40.2
19.2
47.2
47.2
47.2
19.2
15.7
12.2
19.2
19.2
15.7
26.2
47.2
15.7
29.7
33.2
29.7
40.2
19.2
29.7
47.2
47.2
43.7
43.7
29.7
26.2
40.2
29.7
47.2
15.7
22.7
22.7
47.2
22.7
43.7
50.7
47.2
50.7
19.2
50.7
26.2
47.2
22.7
29.7
26.2
47.2
43.7
19.2
22.7
19.2
19.2
33.2
19.2
40.2
22.7
26.2
47.2
36.7
8.74
26.2
29.7
19.2
15.7
50.7
50.7
50.7
50.7
29.7
22.7
40.2
43.7
50.7
26.2
26.2
50.7
29.7
43.7
12.2
22.7
19.2
19.2
26.2
15.7
47.2
50.7
15.7
40.2
12.2
19.2
26.2
29.7
19.2
43.7
26.2
50.7
40.2
47.2
36.7
47.2
36.7
47.2
12.2
19.2
12.2
29.7
36.7
47.2
33.2
50.7
15.7
29.7
22.7
36.7
29.7
47.2
19.2
50.7
22.7
29.7
19.2
40.2
29.7
29.7
47.2
26.2
15.7
15.7
19.2
29.7
19.2
47.2
33.2
40.2
22.7
22.7
47.2
26.2
40.2
19.2
47.2
43.7
47.2
19.2
47.2
19.2
50.7
26.2
22.7
47.2
33.2
26.2
12.2
22.7
50.7
47.2
19.2
26.2
33.2
8.74
43.7
33.2
43.7
50.7
36.7
19.2
15.7
15.7
22.7
47.2
29.7
26.2
36.7
43.7
43.7
26.2
29.7
22.7
15.7
47.2
26.2
26.2
29.7
36.7
47.2
26.2
36.7
47.2
19.2
15.7
50.7
26.2
40.2
36.7
36.7
26.2
19.2
22.7
29.7
43.7
15.7
29.7
19.2
50.7
26.2
33.2
47.2
19.2
22.7
19.2
26.2
12.2
22.7
29.7
15.7
26.2
22.7
15.7
26.2
29.7
47.2
19.2
19.2
19.2
50.7
43.7
50.7
19.2
19.2
15.7
47.2
29.7
29.7
47.2
47.2
47.2
15.7
19.2
29.7
47.2
26.2
47.2
22.7
22.7
33.2
26.2
47.2
47.2
29.7
47.2
50.7
22.7
19.2
19.2
26.2
19.2
50.7
29.7
29.7
29.7
12.2
26.2
47.2
15.7
26.2
19.2
33.2
50.7
29.7
29.7
19.2
26.2
29.7
29.7
43.7
43.7
26.2
29.7
47.2
29.7
15.7
22.7
29.7
19.2
26.2
47.2
47.2
22.7
22.7
50.7
50.7
19.2
29.7
47.2
43.7
43.7
47.2
22.7
47.2
19.2
36.7
19.2
47.2
50.7
26.2
29.7
15.7
22.7
47.2
19.2
47.2
47.2
43.7
26.2
22.7
26.2
26.2
15.7
26.2
50.7
47.2
19.2
26.2
29.7
50.7
19.2
43.7
40.2
47.2
19.2
12.2
15.7
43.7
33.2
29.7
26.2
26.2
47.2
15.7
29.7
15.7
47.2
29.7
43.7
22.7
26.2
50.7
47.2
29.7
47.2
19.2
22.7
47.2
22.7
22.7
12.2
29.7
40.2
47.2
29.7
47.2
29.7
36.7
15.7
15.7
26.2
19.2
50.7
12.2
33.2
29.7
29.7
26.2
29.7
29.7
26.2
26.2
47.2
29.7
47.2
26.2
8.74
47.2
26.2
26.2
19.2
29.7
29.7
29.7
47.2
43.7
19.2
26.2
50.7
50.7
47.2
22.7
47.2
47.2
50.7
50.7
22.7
15.7
22.7
15.7
47.2
50.7
29.7
47.2
33.2
47.2
29.7
47.2
47.2
29.7
15.7
36.7
19.2
50.7
43.7
26.2
36.7
29.7
19.2
47.2
43.7
26.2
47.2
47.2
33.2
22.7
26.2
47.2
29.7
19.2
22.7
19.2
29.7
19.2
26.2
22.7
36.7
47.2
40.2
26.2
50.7
26.2
19.2
40.2
43.7
26.2
47.2
47.2
47.2
33.2
29.7
43.7
29.7
22.7
15.7
29.7
47.2
26.2
26.2
26.2
43.7
19.2
47.2
33.2
29.7
26.2
26.2
29.7
26.2
47.2
33.2
50.7
29.7
15.7
29.7
43.7
29.7
19.2
47.2
43.7
19.2
33.2
26.2
47.2
47.2
22.7
12.2
33.2
15.7
40.2
50.7
26.2
47.2
26.2
19.2
47.2
43.7
50.7
50.7
47.2
19.2
40.2
33.2
26.2
29.7
19.2
22.7
19.2
47.2
47.2
19.2
26.2
12.2
26.2
15.7
29.7
33.2
26.2
43.7
50.7
29.7
29.7
22.7
47.2
29.7
29.7
33.2
43.7
47.2
29.7
22.7
29.7
47.2
50.7
19.2
47.2
19.2
26.2
26.2
26.2
47.2
26.2
47.2
43.7
47.2
47.2
19.2
47.2
26.2
47.2
19.2
29.7
29.7
26.2
19.2
26.2
29.7
47.2
47.2
47.2
50.7
19.2
26.2
47.2
43.7
29.7
19.2
29.7
19.2
43.7
29.7
47.2
22.7
40.2
47.2
22.7
12.2
33.2
26.2
50.7
50.7
26.2
47.2
33.2
50.7
50.7
26.2
15.7
15.7
40.2
26.2
40.2
47.2
22.7
26.2
43.7
26.2
50.7
50.7
50.7
26.2
22.7
26.2
47.2
26.2
47.2
50.7
50.7
50.7
29.7
50.7
47.2
26.2
26.2
43.7
26.2
47.2
43.7
50.7
36.7
26.2
22.7
15.7
29.7
36.7
43.7
50.7
43.7
19.2
47.2
36.7
36.7
33.2
36.7
26.2
26.2
29.7
40.2
29.7
22.7
40.2
29.7
47.2
47.2
29.7
15.7
29.7
47.2
47.2
43.7
26.2
26.2
19.2
47.2
29.7
47.2
26.2
19.2
47.2
19.2
12.2
26.2
12.2
47.2
26.2
29.7
29.7
22.7
50.7
47.2
26.2
19.2
29.7
26.2
26.2
22.7
22.7
26.2
47.2
26.2
33.2
47.2
47.2
19.2
26.2
29.7
15.7
26.2
15.7
29.7
43.7
22.7
29.7
19.2
12.2
29.7
19.2
47.2
36.7
19.2
26.2
19.2
29.7
22.7
12.2
15.7
29.7
19.2
12.2
50.7
43.7
47.2
22.7
43.7
43.7
50.7
33.2
33.2
19.2
29.7
22.7
33.2
50.7
29.7
47.2
22.7
19.2
47.2
50.7
19.2
50.7
19.2
29.7
29.7
22.7
22.7
19.2
19.2
36.7
50.7
19.2
47.2
47.2
33.2
12.2
54.2
26.2
15.7
19.2
54.2
19.2
29.7
26.2
19.2
29.7
47.2
36.7
40.2
15.7
43.7
36.7
43.7
50.7
33.2
29.7
29.7
12.2
19.2
29.7
43.7
40.2
15.7
29.7
47.2
19.2
29.7
47.2
15.7
40.2
15.7
29.7
29.7
22.7
19.2
47.2
15.7
26.2
47.2
19.2
54.2
47.2
47.2
15.7
22.7
47.2
43.7
12.2
40.2
12.2
54.2
29.7
26.2
29.7
12.2
40.2
15.7
26.2
19.2
29.7
47.2
26.2
15.7
43.7
19.2
36.7
50.7
26.2
43.7
26.2
15.7
22.7
19.2
12.2
12.2
12.2
29.7
19.2
19.2
15.7
47.2
57.7
33.2
33.2
26.2
15.7
61.2
19.2
40.2
22.7
19.2
26.2
19.2
26.2
26.2
26.2
47.2
36.7
12.2
22.7
36.7
29.7
29.7
19.2
26.2
26.2
29.7
19.2
19.2
26.2
71.7
26.2
61.2
54.2
29.7
36.7
40.2
22.7
15.7
40.2
47.2
22.7
29.7
19.2
47.2
19.2
47.2
15.7
19.2
12.2
75.1
29.7
29.7
47.2
57.7
19.2
54.2
33.2
26.2
29.7
29.7
12.2
12.2
22.7
50.7
57.7
71.7
36.7
19.2
19.2
22.7
75.1
47.2
47.2
29.7
26.2
43.7
61.2
26.2
57.7
92.6
61.2
92.6
78.6
26.2
12.2
36.7
71.7
15.7
26.2
107
107
22.7
156
22.7
64.7
267
285
8.74
533
1050
1141
1225
1375
2938
5342
6132
5021
2606
4958
4895
