22.7
19.2
29.7
50.7
54.2
47.2
36.7
26.2
15.7
15.7
50.7
12.2
50.7
36.7
43.7
22.7
15.7
19.2
22.7
47.2
12.2
26.2
33.2
26.2
33.2
50.7
33.2
29.7
33.2
29.7
19.2
29.7
40.2
40.2
26.2
29.7
43.7
40.2
29.7
26.2
29.7
33.2
15.7
12.2
43.7
29.7
29.7
33.2
43.7
29.7
50.7
22.7
33.2
15.7
26.2
22.7
22.7
15.7
12.2
29.7
40.2
40.2
36.7
50.7
22.7
22.7
22.7
43.7
40.2
29.7
29.7
8.74
22.7
50.7
47.2
22.7
22.7
29.7
40.2
40.2
22.7
26.2
43.7
50.7
36.7
19.2
26.2
40.2
29.7
12.2
50.7
40.2
36.7
47.2
40.2
8.74
19.2
40.2
15.7
43.7
40.2
19.2
12.2
36.7
29.7
33.2
22.7
29.7
22.7
22.7
15.7
36.7
22.7
22.7
29.7
36.7
36.7
43.7
33.2
33.2
22.7
36.7
19.2
22.7
47.2
50.7
29.7
26.2
40.2
33.2
29.7
43.7
36.7
26.2
26.2
12.2
19.2
26.2
36.7
22.7
26.2
22.7
50.7
26.2
19.2
36.7
29.7
43.7
15.7
36.7
22.7
36.7
29.7
29.7
19.2
47.2
33.2
40.2
26.2
22.7
22.7
40.2
15.7
43.7
29.7
36.7
26.2
19.2
26.2
26.2
33.2
33.2
40.2
15.7
26.2
40.2
22.7
33.2
33.2
50.7
29.7
22.7
43.7
36.7
29.7
8.74
22.7
29.7
40.2
26.2
54.2
36.7
29.7
26.2
26.2
22.7
33.2
26.2
26.2
40.2
19.2
29.7
36.7
19.2
26.2
36.7
33.2
26.2
19.2
29.7
19.2
15.7
29.7
22.7
19.2
29.7
36.7
50.7
26.2
26.2
15.7
36.7
15.7
22.7
40.2
40.2
33.2
29.7
26.2
43.7
12.2
33.2
26.2
40.2
33.2
29.7
40.2
36.7
40.2
19.2
12.2
36.7
26.2
26.2
26.2
33.2
40.2
43.7
15.7
26.2
40.2
22.7
22.7
33.2
15.7
29.7
33.2
36.7
19.2
40.2
36.7
36.7
43.7
33.2
12.2
22.7
19.2
29.7
26.2
8.74
40.2
29.7
36.7
22.7
36.7
22.7
36.7
54.2
43.7
26.2
26.2
22.7
43.7
36.7
26.2
26.2
22.7
15.7
33.2
33.2
26.2
40.2
50.7
40.2
22.7
47.2
36.7
29.7
15.7
36.7
19.2
19.2
33.2
47.2
29.7
43.7
29.7
22.7
22.7
22.7
47.2
22.7
36.7
15.7
36.7
8.74
29.7
22.7
40.2
29.7
43.7
29.7
22.7
26.2
43.7
26.2
43.7
36.7
22.7
36.7
26.2
19.2
26.2
15.7
40.2
19.2
8.74
22.7
36.7
12.2
15.7
15.7
26.2
19.2
33.2
36.7
29.7
29.7
33.2
26.2
19.2
43.7
22.7
36.7
19.2
36.7
29.7
47.2
40.2
29.7
15.7
19.2
15.7
33.2
47.2
33.2
29.7
29.7
12.2
33.2
26.2
40.2
40.2
22.7
36.7
22.7
40.2
36.7
29.7
36.7
33.2
33.2
26.2
33.2
33.2
36.7
43.7
36.7
26.2
19.2
22.7
36.7
33.2
26.2
26.2
19.2
40.2
19.2
15.7
15.7
33.2
43.7
40.2
15.7
33.2
29.7
29.7
40.2
33.2
26.2
26.2
33.2
29.7
15.7
29.7
54.2
12.2
40.2
29.7
33.2
36.7
43.7
47.2
26.2
47.2
29.7
26.2
47.2
22.7
36.7
26.2
15.7
19.2
40.2
33.2
26.2
22.7
22.7
22.7
19.2
19.2
8.74
15.7
36.7
26.2
36.7
22.7
40.2
57.7
36.7
33.2
36.7
29.7
19.2
29.7
26.2
36.7
29.7
33.2
36.7
22.7
19.2
50.7
33.2
33.2
43.7
22.7
26.2
26.2
26.2
15.7
22.7
40.2
40.2
22.7
36.7
29.7
43.7
36.7
12.2
29.7
47.2
29.7
36.7
12.2
33.2
19.2
43.7
36.7
40.2
29.7
29.7
36.7
19.2
29.7
29.7
36.7
19.2
29.7
40.2
15.7
22.7
40.2
40.2
19.2
33.2
15.7
15.7
12.2
19.2
29.7
8.74
8.74
43.7
15.7
29.7
22.7
26.2
29.7
26.2
29.7
22.7
29.7
26.2
33.2
50.7
5.24
50.7
26.2
26.2
22.7
33.2
43.7
33.2
26.2
26.2
36.7
26.2
29.7
22.7
47.2
29.7
50.7
40.2
22.7
8.74
40.2
22.7
26.2
26.2
19.2
29.7
22.7
26.2
26.2
19.2
29.7
36.7
19.2
22.7
26.2
36.7
57.7
26.2
47.2
40.2
33.2
15.7
47.2
43.7
15.7
40.2
29.7
15.7
12.2
15.7
33.2
40.2
29.7
19.2
33.2
19.2
12.2
36.7
19.2
22.7
33.2
36.7
29.7
36.7
26.2
40.2
29.7
40.2
29.7
33.2
43.7
33.2
22.7
33.2
36.7
29.7
26.2
26.2
29.7
40.2
33.2
40.2
29.7
29.7
26.2
29.7
26.2
43.7
12.2
36.7
43.7
22.7
26.2
40.2
40.2
47.2
40.2
26.2
33.2
22.7
22.7
19.2
33.2
50.7
19.2
12.2
15.7
33.2
36.7
22.7
43.7
19.2
12.2
22.7
22.7
33.2
40.2
19.2
26.2
19.2
36.7
33.2
50.7
26.2
43.7
22.7
43.7
29.7
36.7
43.7
26.2
33.2
36.7
19.2
47.2
22.7
43.7
33.2
26.2
33.2
33.2
26.2
29.7
22.7
22.7
26.2
33.2
19.2
40.2
29.7
15.7
40.2
19.2
26.2
40.2
12.2
19.2
29.7
36.7
15.7
12.2
33.2
22.7
26.2
36.7
15.7
43.7
19.2
47.2
40.2
8.74
15.7
40.2
43.7
22.7
50.7
29.7
54.2
33.2
33.2
15.7
33.2
29.7
33.2
33.2
15.7
33.2
29.7
26.2
22.7
26.2
36.7
22.7
26.2
43.7
26.2
33.2
22.7
40.2
33.2
50.7
47.2
43.7
36.7
47.2
36.7
12.2
40.2
50.7
22.7
40.2
22.7
19.2
43.7
15.7
19.2
19.2
26.2
47.2
36.7
26.2
40.2
19.2
43.7
43.7
12.2
33.2
26.2
29.7
29.7
36.7
8.74
26.2
22.7
29.7
33.2
40.2
33.2
33.2
43.7
15.7
19.2
36.7
47.2
43.7
26.2
33.2
19.2
36.7
29.7
40.2
40.2
36.7
43.7
22.7
22.7
29.7
36.7
29.7
19.2
15.7
40.2
26.2
19.2
36.7
22.7
29.7
26.2
40.2
33.2
26.2
12.2
26.2
33.2
43.7
40.2
33.2
50.7
22.7
22.7
36.7
22.7
36.7
43.7
26.2
26.2
40.2
29.7
40.2
26.2
36.7
43.7
33.2
22.7
40.2
22.7
26.2
15.7
26.2
15.7
26.2
33.2
29.7
33.2
26.2
26.2
22.7
22.7
47.2
36.7
43.7
26.2
8.74
33.2
26.2
43.7
29.7
40.2
19.2
47.2
29.7
57.7
36.7
29.7
22.7
33.2
22.7
29.7
36.7
22.7
22.7
40.2
47.2
43.7
40.2
33.2
47.2
33.2
33.2
26.2
33.2
26.2
47.2
54.2
15.7
40.2
36.7
33.2
29.7
36.7
26.2
22.7
33.2
50.7
29.7
50.7
36.7
47.2
12.2
29.7
43.7
40.2
40.2
26.2
43.7
57.7
26.2
40.2
36.7
19.2
15.7
43.7
29.7
19.2
29.7
15.7
12.2
33.2
43.7
12.2
36.7
19.2
57.7
22.7
47.2
8.74
29.7
50.7
47.2
33.2
15.7
22.7
36.7
29.7
15.7
26.2
57.7
33.2
40.2
22.7
22.7
82.1
15.7
19.2
43.7
57.7
61.2
82.1
36.7
54.2
43.7
71.7
29.7
54.2
33.2
75.1
47.2
47.2
54.2
96.1
40.2
29.7
75.1
40.2
103
68.2
75.1
107
36.7
92.6
22.7
89.1
264
250
177
194
327
334
211
239
152
575
12.2
421
432
900
890
701
1340
