54.2
71.7
61.2
36.7
54.2
64.7
68.2
54.2
61.2
47.2
61.2
54.2
68.2
78.6
57.7
85.6
54.2
89.1
54.2
47.2
68.2
71.7
57.7
85.6
68.2
40.2
57.7
43.7
54.2
61.2
43.7
43.7
57.7
57.7
47.2
71.7
50.7
75.1
43.7
89.1
36.7
96.1
61.2
78.6
78.6
68.2
40.2
68.2
82.1
78.6
64.7
99.6
29.7
61.2
68.2
64.7
40.2
57.7
78.6
71.7
96.1
71.7
54.2
54.2
29.7
78.6
57.7
43.7
19.2
29.7
64.7
57.7
71.7
61.2
85.6
54.2
85.6
75.1
75.1
78.6
26.2
96.1
64.7
50.7
54.2
54.2
85.6
50.7
71.7
92.6
68.2
50.7
64.7
40.2
40.2
71.7
61.2
71.7
57.7
50.7
61.2
36.7
22.7
36.7
50.7
64.7
64.7
36.7
50.7
54.2
61.2
40.2
57.7
50.7
50.7
54.2
64.7
75.1
82.1
61.2
57.7
50.7
92.6
61.2
40.2
82.1
64.7
57.7
47.2
68.2
68.2
68.2
57.7
57.7
64.7
75.1
43.7
33.2
33.2
92.6
54.2
57.7
36.7
64.7
43.7
64.7
68.2
64.7
50.7
61.2
61.2
89.1
33.2
71.7
19.2
99.6
75.1
85.6
82.1
75.1
40.2
78.6
33.2
75.1
85.6
89.1
54.2
64.7
54.2
64.7
75.1
92.6
33.2
50.7
50.7
61.2
26.2
68.2
96.1
47.2
64.7
50.7
96.1
64.7
29.7
71.7
92.6
96.1
54.2
75.1
26.2
107
15.7
50.7
43.7
78.6
61.2
75.1
68.2
26.2
61.2
40.2
50.7
64.7
36.7
15.7
64.7
47.2
54.2
40.2
82.1
71.7
33.2
71.7
82.1
61.2
61.2
50.7
71.7
68.2
61.2
43.7
78.6
71.7
64.7
33.2
64.7
50.7
92.6
50.7
50.7
71.7
64.7
68.2
61.2
82.1
71.7
61.2
61.2
71.7
89.1
78.6
50.7
26.2
82.1
57.7
82.1
78.6
26.2
40.2
75.1
22.7
57.7
22.7
54.2
92.6
57.7
50.7
71.7
54.2
33.2
43.7
33.2
71.7
43.7
103
78.6
47.2
117
92.6
40.2
33.2
96.1
85.6
68.2
54.2
64.7
85.6
50.7
61.2
29.7
78.6
89.1
43.7
47.2
54.2
82.1
40.2
78.6
36.7
89.1
61.2
50.7
61.2
64.7
89.1
40.2
47.2
36.7
71.7
40.2
40.2
68.2
114
61.2
64.7
71.7
64.7
36.7
68.2
78.6
47.2
47.2
68.2
96.1
50.7
54.2
75.1
61.2
54.2
33.2
68.2
47.2
47.2
64.7
124
68.2
75.1
47.2
54.2
57.7
57.7
57.7
68.2
47.2
22.7
36.7
78.6
33.2
26.2
64.7
15.7
89.1
85.6
64.7
26.2
47.2
43.7
29.7
82.1
36.7
61.2
92.6
47.2
128
85.6
47.2
85.6
64.7
78.6
22.7
61.2
75.1
26.2
89.1
47.2
40.2
40.2
54.2
61.2
57.7
75.1
40.2
71.7
85.6
64.7
61.2
54.2
54.2
68.2
78.6
82.1
54.2
36.7
47.2
47.2
107
47.2
40.2
68.2
47.2
47.2
75.1
54.2
78.6
78.6
71.7
33.2
43.7
99.6
54.2
43.7
99.6
33.2
29.7
29.7
82.1
75.1
92.6
68.2
54.2
85.6
43.7
68.2
89.1
64.7
61.2
26.2
57.7
61.2
64.7
61.2
43.7
47.2
68.2
47.2
50.7
54.2
64.7
92.6
61.2
89.1
61.2
71.7
54.2
43.7
47.2
85.6
57.7
57.7
61.2
78.6
33.2
68.2
61.2
92.6
47.2
99.6
36.7
36.7
68.2
50.7
54.2
43.7
64.7
50.7
36.7
96.1
33.2
61.2
71.7
36.7
82.1
50.7
68.2
68.2
85.6
71.7
138
82.1
40.2
68.2
50.7
75.1
47.2
92.6
78.6
36.7
92.6
47.2
82.1
75.1
131
114
40.2
530
533
